63,238,71,114
826,202,146,152